[warp]
41
23
55
24
-36
-47
0
[/warp]
[warp]
42
23
56
24
-36
-47
0
[/warp]
[warp]
22
35
23
38
-36
-45
0
[/warp]
[warp]
23
35
24
38
-36
-45
0
[/warp]
[warp]
65
36
35
41
-36
-45
0
[/warp]
[warp]
59
21
32
24
-36
-45
0
[/warp]
[warp]
60
21
33
24
-36
-45
0
[/warp]
[warp]
86
23
23
24
-36
-45
0
[/warp]
[warp]
102
34
52
44
-36
-45
0
[/warp]
[warp]
103
34
53
44
-36
-45
0
[/warp]
[warp]
50
49
56
44
-36
-45
0
[/warp]
[warp]
51
49
57
44
-36
-45
0
[/warp]
[warp]
29
64
29
60
-36
-45
0
[/warp]
[warp]
30
64
30
60
-36
-45
0
[/warp]


