[warp]
42
62
17
55
24
33
0
[/warp]
[warp]
43
62
17
55
24
33
0
[/warp]
[warp]
44
62
17
55
24
33
0
[/warp]
[warp]
25
46
21
20
-36
-43
0
[/warp]
[warp]
26
46
22
20
-36
-43
0
[/warp]
[warp]
21
21
25
47
-36
-43
0
[/warp]
[warp]
22
21
26
47
-36
-43
0
[/warp]
[warp]
35
38
42
20
-36
-43
0
[/warp]
[warp]
36
38
43
20
-36
-43
0
[/warp]
[warp]
42
21
35
39
-36
-43
0
[/warp]
[warp]
43
21
36
39
-36
-43
0
[/warp]
[warp]
50
38
63
20
-36
-43
0
[/warp]
[warp]
51
38
64
20
-36
-43
0
[/warp]
[warp]
63
21
50
39
-36
-43
0
[/warp]
[warp]
64
21
51
39
-36
-43
0
[/warp]
[warp]
60
46
84
20
-36
-43
0
[/warp]
[warp]
61
46
85
20
-36
-43
0
[/warp]
[warp]
84
21
60
47
-36
-43
0
[/warp]
[warp]
85
21
61
47
-36
-43
0
[/warp]
