[warp]
52
31
81
33
-40
-30
0
[/warp]
[warp]
80
33
51
31
-40
-30
0
[/warp]
[warp]
99
31
67
82
-40
-30
0
[/warp]
[warp]
66
82
98
31
-40
-30
0
[/warp]
[warp]
139
35
94
72
-40
-30
0
[/warp]
[warp]
95
72
140
35
-40
-30
0
[/warp]
[warp]
90
80
159
82
-40
-30
0
[/warp]
[warp]
159
83
90
81
-40
-30
0
[/warp]
[warp]
86
80
151
82
-40
-30
0
[/warp]
[warp]
151
83
86
81
-40
-30
0
[/warp]
[warp]
82
80
143
82
-40
-30
0
[/warp]
[warp]
143
83
82
81
-40
-30
0
[/warp]
[warp]
78
80
135
82
-40
-30
0
[/warp]
[warp]
135
83
78
81
-40
-30
0
[/warp]
[warp]
74
80
127
82
-40
-30
0
[/warp]
[warp]
127
83
74
81
-40
-30
0
[/warp]
[warp]
70
80
119
82
-40
-30
0
[/warp]
[warp]
119
83
70
81
-40
-30
0
[/warp]
[warp]
67
72
66
111
-40
-30
0
[/warp]
[warp]
65
111
66
72
-40
-30
0
[/warp]
[warp]
65
122
36
140
-40
-30
0
[/warp]
[warp]
36
139
65
121
-40
-30
0
[/warp]
[warp]
68
114
62
145
-40
-30
0
[/warp]
[warp]
62
144
68
113
-40
-30
0
[/warp]
[warp]
71
114
70
145
-40
-30
0
[/warp]
[warp]
70
144
71
113
-40
-30
0
[/warp]
[warp]
74
114
78
145
-40
-30
0
[/warp]
[warp]
78
144
74
113
-40
-30
0
[/warp]
[warp]
77
114
86
145
-40
-30
0
[/warp]
[warp]
86
144
77
113
-40
-30
0
[/warp]
[warp]
80
114
94
145
-40
-30
0
[/warp]
[warp]
94
144
80
113
-40
-30
0
[/warp]
[warp]
83
114
102
145
-40
-30
0
[/warp]
[warp]
102
144
83
113
-40
-30
0
[/warp]
[warp]
86
114
110
145
-40
-30
0
[/warp]
[warp]
110
144
86
113
-40
-30
0
[/warp]
[warp]
90
120
52
176
-40
-30
0
[/warp]
[warp]
53
176
91
120
-40
-30
0
[/warp]
[warp]
35
175
84
181
-40
-30
0
[/warp]
[warp]
84
182
35
176
-40
-30
0
[/warp]
[warp]
39
175
92
181
-40
-30
0
[/warp]
[warp]
92
182
39
186
-40
-30
0
[/warp]
[warp]
43
175
100
181
-40
-30
0
[/warp]
[warp]
100
182
43
176
-40
-30
0
[/warp]
[warp]
47
175
108
181
-40
-30
0
[/warp]
[warp]
108
182
47
176
-40
-30
0
[/warp]
[warp]
51
175
116
181
-40
-30
0
[/warp]
[warp]
116
182
51
76
-40
-30
0
[/warp]
[warp]
82
104
20
26
-6
-3
0
[/warp]