[warp]
14
19
39
15
43
-44
0
[/warp]
[warp]
35
19
42
15
43
-44
0
[/warp]
[warp]
48
19
45
15
43
-44
0
[/warp]
[warp]
16
3
52
25
-41
-24
0
[/warp]
[warp]
51
3
34
53
-41
-24
0
[/warp]
[warp]
24
12
16
37
-41
-23
0
[/warp]
[warp]
17
37
25
12
-41
-23
0
[/warp]
[warp]
47
3
58
16
-41
-23
0
[/warp]
[warp]
58
17
47
4
-41
-23
0
[/warp]
[warp]
45
3
38
4
-41
-23
0
[/warp]
[warp]
38
3
45
4
-41
-23
0
[/warp]
[warp]
42
7
8
7
-41
-23
0
[/warp]
[warp]
7
7
41
7
-41
-23
0
[/warp]
[warp]
11
3
13
31
-41
-23
0
[/warp]
[warp]
12
31
10
3
-41
-23
0
[/warp]
[warp]
32
3
30
31
-41
-23
0
[/warp]
[warp]
31
31
33
3
-41
-23
0
[/warp]
[warp]
7
31
24
33
-41
-23
0
[/warp]
[warp]
23
33
7
32
-41
-23
0
[/warp]
[warp]
24
44
58
39
-41
-23
0
[/warp]
[warp]
58
38
24
45
-41
-23
0
[/warp]
[warp]
35
39
60
98
-41
-23
0
[/warp]
[warp]
60
97
34
53
-41
-23
0
[/warp]
[warp]
7
46
50
46
-41
-23
0
[/warp]
[warp]
51
46
8
46
-41
-23
0
[/warp]
[warp]
51
38
8
40
-41
-23
0
[/warp]
[warp]
7
40
51
39
-41
-23
0
[/warp]
[warp]
58
34
38
102
-41
-23
0
[/warp]
[warp]
37
102
57
34
-41
-23
0
[/warp]
[warp]
55
31
53
59
-41
-23
0
[/warp]
[warp]
54
59
56
31
-41
-23
0
[/warp]
[warp]
58
66
23
66
-41
-23
0
[/warp]
[warp]
23
65
58
67
-41
-23
0
[/warp]
[warp]
38
74
25
67
-41
-23
0
[/warp]
[warp]
25
66
39
74
-41
-23
0
[/warp]
[warp]
21
67
13
68
-41
-23
0
[/warp]
[warp]
12
68
21
68
-41
-23
0
[/warp]
[warp]
19
31
21
59
-41
-23
0
[/warp]
[warp]
20
59
18
31
-41
-23
0
[/warp]
[warp]
17
65
4
99
-41
-23
0
[/warp]
[warp]
3
99
16
65
-41
-23
0
[/warp]
[warp]
23
90
53
93
-41
-23
0
[/warp]
[warp]
53
92
23
91
-41
-23
0
[/warp]
[warp]
22
101
13
127
-41
-23
0
[/warp]
[warp]
12
127
21
101
-41
-23
0
[/warp]
[warp]
47
120
31
153
-41
-23
0
[/warp]
[warp]
31
154
47
121
-41
-23
0
[/warp]
